100
8237213
3
2196613
7203246
6537523
8184167
6697461
5388168
9999999
9999991
1481717
9516811
5103067
7783893
5094841
5
4461643
3191803
1
12
8763892
2610613
983469
9987391
4572049
6865010
9299449
2360890
3323191
1221469
2044523
9999973
4461642
9999929
4170220
11
3855409
1144
3877633
8248729
86293
4125389
5462959
3410821
9010879
9999971
3132736
7742461
1264969
4936439
8291470
4751053
6987083
9325574
8
9999972
4046177
140839
2896297
9999931
9999161
4
3702389
9999163
6716541
9
9999995
10000000
6513281
6735763
9999997
1403870
9682616
1862603
9999996
9999162
1750607
592432
3023326
390548
9971849
3929879
1507483
8460583
9999930
615403
13
10
559513
7762723
2295773
2
4461641
6
1281246
9309119
6463741
7
9999998
2872729